B_24SEAT = 1.1412133988606643
B_DISTANCE = -0.038363638431461025
B_WINDOWWALL = -0.821653177502267
