B_24SEAT = -0.21090159775329262
B_WINDOWWALL = -1.2717710021724091
