B_24SEAT = 0.677544557096371
B_WINDOWWALL = 1.071180483189516
