B_DIRECT_NEXT = -2.1421918428391176
B_DISTANCE = 0.1344388257166957
B_PEOPLE_AROUND = -0.870501083617211
