B_24SEAT = -0.11715602781007839
B_DIRECT_NEXT = -2.2974872288648642
B_DISTANCE = 0.1915003090321208
B_PEOPLE_AROUND = -0.7235345793370349
B_WINDOWWALL = -0.2896630116617665
