B_24SEAT = 1.051979386000786
B_WINDOWWALL = -0.8201240792113441
