B_24SEAT = -0.45675953546121784
B_DISTANCE = 0.25693031205154604
B_PEOPLE_AROUND = -1.5844931752673796
B_WINDOWWALL = 0.7348389237722344
