B_24SEAT = 0.0053382699485427995
B_DISTANCE = -0.09260034384499623
B_PEOPLE_AROUND = -1.2510185440174222
B_WINDOWWALL = -0.6028945010683764
