B_24SEAT = -0.639572861291249
B_DISTANCE = 0.5908248389520605
B_PEOPLE_AROUND = -3.129856953631754
B_WINDOWWALL = 1.2888676051397718
