B_PEOPLE_AROUND = -1.270689012204749
B_WINDOWWALL = -0.5650098308190542
