B_24SEAT = 0.9925479596147256
B_DISTANCE = -0.4354281322554955
B_WINDOWWALL = -1.388604794702167
