B_24SEAT = -0.6427449826069755
B_DIRECT_NEXT = 0.619288150333618
B_DISTANCE = 0.5930349230424542
B_PEOPLE_AROUND = -3.2384308142746057
B_WINDOWWALL = 1.293715594856463
