B_24SEAT = -0.4917135435526166
B_DISTANCE = 0.6313498574068402
B_WINDOWWALL = 1.0865299994343425
