B_24SEAT = 0.00533826994854213
B_DIRECT_NEXT = 1.7265128863938971e-15
B_DISTANCE = -0.09260034384499599
B_PEOPLE_AROUND = -1.2510185440174215
B_WINDOWWALL = -0.6028945010683749
